2
4
12
17
27
20
13
6
5
7
16
18
19
10
8
1
24
26
31
21
28
3
9
11
15
14
30
29
23
153
129
151
127
149
125
147
123
145
121
143
119
141
117
139
115
138
114
136
112
134
110
132
111
135
113
137
133
109
131
107
130
108
106
308
307
333
306
305
332
331
348
323
304
347
346
322
303
321
345
344
343
302
301
330
329
342
341
328
320
299
298
340
300
116
140
118
142
120
144
122
146
124
148
126
150
128
152
37
40
35
33
39
42
45
47
44
49
46
43
48
50
41
38
36
34
357
337
327
315
316
338
317
339
318
319
154
178
156
180
158
182
160
184
162
186
164
188
166
190
168
192
170
194
172
196
174
198
176
200
177
201
199
175
197
173
195
171
193
169
191
167
189
165
187
163
185
161
183
159
181
157
179
155
356
355
326
314
325
354
353
352
313
312
336
335
351
350
334
324
310
309
349
311
22
25
32
51
52
55
54
57
76
68
81
71
61
75
80
86
79
85
74
67
70
63
66
88
84
91
95
83
78
82
87
77
73
90
94
89
93
69
65
62
96
97
64
92
98
100
101
99
102
104
105
103
72
60
58
59
56
53
224
246
225
247
223
244
222
220
242
218
240
216
238
217
239
215
236
212
234
210
232
208
230
206
228
207
231
209
233
211
235
213
237
214
241
219
243
221
245
249
248
229
205
226
204
202
203
227
368
367
393
366
365
392
391
408
383
364
407
406
382
363
381
405
404
403
362
361
390
389
402
401
388
380
359
358
400
360
409
369
370
384
394
410
411
395
371
372
396
373
412
413
414
385
374
386
415
416
417
397
387
375
376
398
377
399
378
379
250
274
252
276
253
277
255
278
254
256
280
258
282
259
283
261
284
260
262
286
264
288
265
287
263
285
281
257
279
275
251
289
267
290
266
268
292
269
293
271
294
270
272
296
273
297
295
291
