293
269
292
268
290
266
288
264
286
265
287
263
284
260
282
258
280
259
283
261
285
262
289
267
291
271
294
270
272
296
273
297
295
281
257
278
254
276
252
274
253
277
255
279
256
275
251
250
379
378
399
377
376
398
397
417
387
375
416
415
386
374
385
414
413
412
373
372
396
395
411
410
394
384
370
369
409
371
104
102
105
94
90
89
93
69
65
73
77
87
82
83
78
91
95
88
84
66
70
67
63
64
74
85
79
86
80
75
71
81
68
61
92
98
100
101
99
76
97
96
62
58
59
56
53
42
45
47
44
39
27
17
12
4
2
3
9
11
15
14
30
29
23
13
20
28
21
16
18
19
10
8
1
24
26
31
32
25
22
7
5
6
349
309
310
324
334
350
351
335
311
312
336
313
352
353
354
325
314
326
355
356
357
337
327
315
316
338
317
339
318
319
154
178
156
180
158
182
160
184
162
186
164
188
166
190
168
192
170
194
172
196
174
198
176
200
177
201
199
175
197
173
195
171
193
169
191
167
189
165
187
163
185
161
183
159
181
157
179
155
34
36
38
41
43
48
50
46
49
51
52
55
54
57
60
72
103
206
230
207
231
209
232
208
210
234
211
235
213
236
212
214
238
216
240
217
239
215
237
233
229
205
226
204
228
227
203
202
368
367
393
366
365
392
391
408
383
364
407
406
382
363
381
405
404
403
362
361
390
389
402
401
388
380
359
358
400
360
241
219
242
218
220
244
222
246
224
248
225
247
223
245
221
243
249
40
37
35
33
348
331
323
304
305
332
306
333
307
308
106
130
108
132
110
134
112
136
113
135
111
133
109
131
107
137
115
139
117
141
119
140
116
138
114
118
142
120
144
122
146
124
148
126
150
128
152
129
151
127
149
125
147
123
145
121
143
153
347
346
322
303
321
345
344
343
302
301
330
329
342
341
328
320
299
298
340
300
